76458 Colonia Juancarrasco Observations at 12Z 01 Feb 2017

-----------------------------------------------------------------------------
   PRES   HGHT   TEMP   DWPT   RELH   MIXR   DRCT   SKNT   THTA   THTE   THTV
    hPa     m      C      C      %    g/kg    deg   knot     K      K      K 
-----------------------------------------------------------------------------
 1015.0      4   17.4   11.4     68   8.40      0      0  289.3  313.2  290.8
 1007.0     74   17.6   12.6     72   9.18    344      6  290.2  316.3  291.8
 1002.0    118   19.4   11.4     60   8.51    334     10  292.4  316.9  293.9
 1000.0    136   19.8   11.8     60   8.76    330     11  292.9  318.2  294.5
  981.0    302   20.2    9.5     50   7.63    325     13  295.0  317.4  296.4
  966.0    435   20.6    7.6     43   6.82    316     11  296.7  316.9  297.9
  948.0    597   19.8    8.1     47   7.20    305      9  297.5  318.8  298.8
  925.0    809   18.8    8.8     52   7.74    270      5  298.5  321.5  299.9
  915.0    902   17.9    9.5     58   8.22    240      3  298.6  322.9  300.0
  883.0   1207   15.1   11.9     81   9.99    105      2  298.6  328.1  300.4
  880.0   1236   14.8   12.1     84  10.17    112      2  298.7  328.6  300.5
  853.0   1501   13.5   10.0     79   9.13    175      7  300.0  327.1  301.7
  850.0   1531   13.4    9.8     79   9.02    175      7  300.2  327.0  301.8
  844.0   1590   13.0    9.7     80   9.03    174      7  300.4  327.2  302.0
  793.0   2106    8.4    7.2     92   8.08    165     10  300.9  325.0  302.3
  780.0   2243    7.2    6.5     95   7.84    168     11  301.0  324.4  302.4
  737.0   2703    3.1    2.0     93   6.04    180     14  301.4  319.7  302.5
  736.0   2715    3.0    1.9     92   6.00    181     14  301.4  319.6  302.5
  716.0   2936    1.6   -7.4     51   3.08    200     13  302.3  311.9  302.8
  709.0   3014    3.2  -25.8     10   0.66    206     13  304.9  307.2  305.0
  700.0   3117    2.4  -29.6      7   0.47    215     12  305.1  306.8  305.2
  685.0   3291    0.8  -31.2      7   0.42    227     12  305.2  306.7  305.3
  665.0   3529    1.0  -41.0      3   0.16    244     11  308.0  308.6  308.1
  635.0   3894   -0.9  -42.9      2   0.14    270     11  310.0  310.5  310.0
  589.0   4487   -4.0  -46.0      2   0.11    275     10  313.1  313.5  313.1
  566.0   4802   -5.7  -47.7      2   0.09    295     11  314.7  315.1  314.7
  531.0   5306   -8.3  -50.3      2   0.07    299     11  317.4  317.6  317.4
  524.0   5408   -8.9  -49.4      2   0.08    300     11  317.8  318.1  317.8
  505.0   5693  -10.6  -46.8      3   0.11    315     13  319.1  319.6  319.1
  500.0   5770  -11.1  -46.1      4   0.12    310     13  319.4  319.9  319.5
  485.0   6003  -12.9  -41.3      7   0.21    295     17  320.1  320.9  320.1
  462.0   6373  -15.7  -33.7     20   0.48    293     20  321.0  322.8  321.1
  435.0   6827  -17.9  -50.9      4   0.08    290     24  323.8  324.1  323.8
  431.0   6896  -18.5  -51.5      4   0.08    290     25  323.9  324.2  323.9
  400.0   7450  -23.1  -56.1      3   0.05    300     21  324.9  325.1  324.9
  381.0   7804  -25.7  -59.3      3   0.03    295     26  326.0  326.1  326.0
  367.0   8077  -27.7  -61.7      2   0.03    289     26  326.9  327.0  326.9
  336.0   8700  -32.1  -63.5      3   0.02    275     27  329.2  329.3  329.2
  309.0   9291  -36.2  -65.1      3   0.02    290     32  331.4  331.5  331.4
  300.0   9500  -37.7  -65.7      4   0.02    280     35  332.1  332.2  332.1
  286.0   9829  -40.3  -66.3      4   0.02    280     42  333.0  333.1  333.0
  283.0   9900  -40.7  -66.4      5   0.02    280     44  333.4  333.5  333.5
  259.0  10500  -43.7  -67.5      5   0.02    300     33  337.6  337.6  337.6
  250.0  10740  -44.9  -67.9      6   0.02    295     33  339.2  339.3  339.2
  248.0  10794  -45.5  -67.5      7   0.02    294     33  339.1  339.1  339.1
  235.0  11154  -44.9  -70.9      4   0.01    289     36  345.2  345.3  345.2
  227.0  11383  -46.1  -72.1      4   0.01    285     37  346.9  346.9  346.9
  200.0  12220  -50.3  -76.3      3   0.01    280     46  352.9  353.0  353.0
  175.0  13084  -53.1  -80.1      2   0.00    286     42  362.1  362.1  362.1
  157.0  13771  -57.6  -83.2      2   0.00    290     39  365.8  365.8  365.8
  150.0  14060  -59.5  -84.5      3   0.00    280     32  367.4  367.4  367.4
  135.0  14708  -65.1  -87.3      3   0.00    270     40  368.7  368.7  368.7
  134.0  14753  -65.5  -87.5      3   0.00    272     40  368.8  368.8  368.8
  123.0  15262  -68.0  -88.5      4   0.00    290     39  373.3  373.3  373.3
  105.0  16200  -72.7  -90.5      5   0.00    260     39  381.7  381.7  381.7
  100.0  16490  -74.1  -91.1      6   0.00    275     32  384.3  384.3  384.3
   90.0  17103  -75.6  -91.8      7   0.00    290     21  393.1  393.1  393.1
   86.0  17368  -76.2  -92.0      7   0.00    255     14  396.9  396.9  396.9
   81.0  17716  -77.1  -92.4      7   0.00    250     24  402.0  402.0  402.0
   77.6  17966  -77.7  -92.7      8   0.00    280     19  405.7  405.7  405.7
   70.0  18560  -77.7  -91.7      9   0.00    340     12  417.8  417.9  417.8
   66.0  18894  -79.1  -92.2     10   0.00    270      7  421.8  421.9  421.8
   65.5  18937  -79.3  -92.3     11   0.00    274      8  422.4  422.4  422.4
   63.0  19162  -78.0  -91.8      9   0.00    295     14  430.1  430.1  430.1
   56.0  19842  -73.9  -90.1      7   0.00    305     10  454.1  454.1  454.1
   54.0  20052  -72.6  -89.6      6   0.00      0     10  461.7  461.7  461.7
   51.4  20337  -70.9  -88.9      5   0.00     22     11  472.3  472.3  472.3
   51.0  20383  -70.8  -88.8      6   0.00     25     11  473.4  473.5  473.4
   50.0  20500  -70.7  -88.7      6   0.00     60     11  476.5  476.5  476.5
   46.0  20993  -71.3  -90.1      5   0.00    195      7  486.5  486.5  486.5
   44.8  21149  -71.5  -90.5      4   0.00    293      3  489.7  489.7  489.7
   44.0  21256  -71.2  -90.5      4   0.00      0      0  492.9  492.9  492.9
   42.0  21531  -70.6  -90.5      4   0.00    100      4  501.0  501.0  501.0
   38.7  22016  -69.5  -90.5      3   0.00     18      2  515.7  515.7  515.7
   38.0  22126  -68.2  -90.0      3   0.00      0      1  521.7  521.7  521.7
   37.0  22286  -66.3  -89.3      3   0.00     15      3  530.6  530.6  530.6
   36.0  22453  -65.6  -89.1      3   0.00     30      6  536.5  536.5  536.5
   31.0  23369  -61.9  -88.3      2   0.01     20      5  569.9  570.0  569.9
   30.0  23570  -61.1  -88.1      2   0.01     10      8  577.5  577.5  577.5
   29.0  23780  -61.0  -88.0      2   0.01     35     10  583.3  583.4  583.3
   28.0  23997  -60.9  -87.9      2   0.01     80      8  589.4  589.5  589.4
   25.2  24649  -60.7  -87.7      2   0.01     87     11  608.1  608.2  608.1
   24.0  24955  -59.5  -87.0      2   0.01     90     12  620.3  620.4  620.3
   23.0  25221  -58.4  -86.4      2   0.01    130     17  631.0  631.1  631.0
   22.0  25499  -57.2  -85.8      2   0.01    125     16  642.5  642.6  642.5
   21.2  25731  -56.3  -85.3      1   0.01    149     12  652.1  652.3  652.2
   21.0  25791  -56.3  -85.3      1   0.01    155     11  654.0  654.1  654.0
   20.0  26100  -56.1  -85.1      1   0.01      0      0  663.7  663.9  663.7
   19.0  26426  -56.2  -85.2      1   0.01     30      4  673.2  673.4  673.2
   18.0  26769  -56.3  -85.3      1   0.02    310      5  683.4  683.5  683.4
   17.0  27132  -56.4  -85.4      1   0.02    345     10  694.3  694.5  694.3
   16.1  27477  -56.5  -85.5      1   0.02    354      9  704.9  705.0  704.9
   15.0  27931  -54.8  -85.0      1   0.02      5      8  725.0  725.2  725.0
   14.0  28375  -53.1  -84.5      1   0.02    345      6  745.1  745.4  745.1
   13.0  28851  -51.3  -84.0      1   0.03     65      6  767.3  767.6  767.3
   12.8  28950  -50.9  -83.9      1   0.03                772.0  772.4  772.0

Station information and sounding indices

                             Station number: 76458
                           Observation time: 170201/1200
                           Station latitude: 23.20
                          Station longitude: -106.42
                          Station elevation: 4.0
                            Showalter index: 1.71
                               Lifted index: 7.12
    LIFT computed using virtual temperature: 6.85
                                SWEAT index: 144.58
                                    K index: 2.30
                         Cross totals index: 20.90
                      Vertical totals index: 24.50
                        Totals totals index: 45.40
      Convective Available Potential Energy: 0.00
             CAPE using virtual temperature: 0.00
                      Convective Inhibition: 0.00
             CINS using virtual temperature: 0.00
                     Bulk Richardson Number: 0.00
          Bulk Richardson Number using CAPV: 0.00
  Temp [K] of the Lifted Condensation Level: 281.04
Pres [hPa] of the Lifted Condensation Level: 854.46
     Mean mixed layer potential temperature: 293.98
              Mean mixed layer mixing ratio: 7.92
              1000 hPa to 500 hPa thickness: 5634.00
Precipitable water [mm] for entire sounding: 24.95

